0.31843 0.32541 0.36982 0.00003 0.00020 0.00003 0.00017 0.00020 0.00017 0.00015 0.45409 0.13610 0.37018 0.35475 0.50947 0.47549 1
0.13226 0.13376 0.13292 0.00001 0.00000 0.00001 0.00000 0.00000 0.00000 0.00001 0.04452 0.01420 0.13376 0.13121 0.50106 0.50233 0
0.13967 0.13955 0.13892 0.00000 0.00000 0.00000 0.00000 0.00000 0.00000 0.00000 0.00864 0.00593 0.13968 0.13866 0.50183 0.50241 0
0.15356 0.15334 0.15237 0.00000 0.00000 0.00000 0.00000 0.00000 0.00000 0.00000 0.01134 0.00472 0.15361 0.15480 0.50186 0.50251 0
0.14165 0.14171 0.14138 0.00000 0.00000 0.00000 0.00000 0.00000 0.00000 0.00000 0.00694 0.00294 0.14172 0.14132 0.50180 0.50218 0
0.15276 0.15419 0.15321 0.00001 0.00000 0.00001 0.00000 0.00000 0.00000 0.00001 0.05860 0.01732 0.15424 0.15585 0.50089 0.50259 0
0.17056 0.16710 0.16209 0.00001 0.00003 0.00001 0.00002 0.00003 0.00002 0.00001 0.05049 0.05711 0.17056 0.17146 0.50256 0.50558 0
0.14512 0.14523 0.14517 0.00000 0.00000 0.00000 0.00000 0.00000 0.00000 0.00000 0.00430 0.00065 0.14523 0.14533 0.50190 0.50196 0
0.14434 0.14259 0.13997 0.00001 0.00002 0.00001 0.00001 0.00002 0.00001 0.00000 0.03017 0.03178 0.14448 0.14279 0.50205 0.50387 0
0.14591 0.14596 0.14545 0.00000 0.00000 0.00000 0.00000 0.00000 0.00000 0.00000 0.00761 0.00556 0.14597 0.14685 0.50177 0.50232 0
0.12935 0.12935 0.12935 0.00000 0.00000 0.00000 0.00000 0.00000 0.00000 0.00000 0.00000 0.00000 0.12935 0.12744 0.50196 0.50196 0
0.13724 0.13775 0.13750 0.00000 0.00000 0.00000 0.00000 0.00000 0.00000 0.00000 0.01779 0.00414 0.13775 0.13652 0.50163 0.50208 0
0.11651 0.11682 0.11613 0.00000 0.00000 0.00000 0.00000 0.00000 0.00000 0.00000 0.01961 0.00930 0.11682 0.11173 0.50171 0.50252 0
0.16479 0.16109 0.15316 0.00001 0.00005 0.00001 0.00003 0.00005 0.00003 0.00002 0.09229 0.09765 0.16482 0.16556 0.50168 0.50737 0
0.11681 0.15255 0.29472 0.00014 0.00070 0.00014 0.00056 0.00070 0.00056 0.00042 0.44729 0.60119 0.29472 0.16664 0.53571 0.40907 1
0.11075 0.16128 0.31721 0.00020 0.00081 0.00020 0.00061 0.00081 0.00061 0.00041 0.44178 0.65148 0.31721 0.17624 0.53661 0.39978 1
0.12469 0.16387 0.31169 0.00015 0.00073 0.00015 0.00058 0.00073 0.00058 0.00043 0.44649 0.59476 0.31169 0.17988 0.53621 0.40601 1
0.11663 0.16197 0.32190 0.00018 0.00080 0.00018 0.00063 0.00080 0.00063 0.00045 0.44484 0.63759 0.32190 0.17866 0.53937 0.39819 1
0.13509 0.15967 0.29476 0.00010 0.00063 0.00010 0.00053 0.00063 0.00053 0.00043 0.45348 0.53702 0.29476 0.17572 0.53581 0.41450 1
0.13033 0.16869 0.31012 0.00015 0.00071 0.00015 0.00055 0.00071 0.00055 0.00040 0.44611 0.57416 0.31012 0.18491 0.53340 0.40993 1
0.12717 0.16027 0.31215 0.00013 0.00073 0.00013 0.00060 0.00073 0.00060 0.00047 0.45008 0.58719 0.31215 0.17775 0.53964 0.40408 1
0.11961 0.15776 0.30687 0.00015 0.00073 0.00015 0.00058 0.00073 0.00058 0.00044 0.44761 0.60386 0.30687 0.17332 0.53761 0.40500 1
0.13413 0.16098 0.28825 0.00011 0.00060 0.00011 0.00050 0.00060 0.00050 0.00039 0.45221 0.52477 0.28825 0.17590 0.53259 0.41909 1
0.12486 0.16564 0.32051 0.00016 0.00077 0.00016 0.00061 0.00077 0.00061 0.00045 0.44630 0.61054 0.32051 0.18312 0.53798 0.40151 1
0.11644 0.17100 0.33010 0.00021 0.00084 0.00021 0.00062 0.00084 0.00062 0.00041 0.44066 0.64729 0.33010 0.18788 0.53553 0.39818 1
0.12035 0.15207 0.29110 0.00012 0.00067 0.00012 0.00055 0.00067 0.00055 0.00042 0.44954 0.57619 0.29110 0.16645 0.53585 0.41147 1
0.12436 0.16821 0.32824 0.00017 0.00080 0.00017 0.00063 0.00080 0.00063 0.00046 0.44556 0.62185 0.32824 0.18643 0.53891 0.39859 1
0.11747 0.17055 0.34004 0.00021 0.00087 0.00021 0.00066 0.00087 0.00066 0.00046 0.44287 0.65517 0.34004 0.18925 0.54021 0.39238 1
0.11800 0.16690 0.32831 0.00019 0.00082 0.00019 0.00063 0.00082 0.00063 0.00044 0.44362 0.64060 0.32831 0.18439 0.53830 0.39716 1
0.12323 0.16462 0.32432 0.00016 0.00079 0.00016 0.00063 0.00079 0.00063 0.00046 0.44676 0.61665 0.32432 0.18285 0.54003 0.39899 1
0.12452 0.16045 0.32577 0.00014 0.00079 0.00014 0.00065 0.00079 0.00065 0.00051 0.45008 0.61752 0.32577 0.17975 0.54367 0.39599 1
0.10840 0.16655 0.33464 0.00023 0.00089 0.00023 0.00066 0.00089 0.00066 0.00043 0.44065 0.67719 0.33464 0.18386 0.53876 0.39249 1
0.11991 0.15496 0.29517 0.00014 0.00069 0.00014 0.00055 0.00069 0.00055 0.00041 0.44791 0.59221 0.29517 0.16934 0.53506 0.41018 1
0.13260 0.17045 0.34353 0.00015 0.00083 0.00015 0.00068 0.00083 0.00068 0.00053 0.44965 0.61460 0.34353 0.19253 0.54500 0.39234 1
0.12852 0.17072 0.35241 0.00017 0.00088 0.00017 0.00071 0.00088 0.00071 0.00055 0.44875 0.63452 0.35241 0.19375 0.54752 0.38675 1
0.13409 0.17397 0.35985 0.00016 0.00089 0.00016 0.00073 0.00089 0.00073 0.00057 0.44992 0.62658 0.35985 0.19867 0.54926 0.38501 1
0.14292 0.16552 0.32221 0.00009 0.00070 0.00009 0.00061 0.00070 0.00061 0.00053 0.45760 0.55198 0.32221 0.18704 0.54373 0.40305 1
0.13132 0.16074 0.31017 0.00012 0.00070 0.00012 0.00059 0.00070 0.00059 0.00047 0.45300 0.56670 0.31017 0.17889 0.53990 0.40628 1
0.13007 0.16699 0.33546 0.00014 0.00081 0.00014 0.00066 0.00081 0.00066 0.00052 0.45027 0.60961 0.33546 0.18783 0.54435 0.39464 1
0.13025 0.16422 0.33792 0.00013 0.00081 0.00013 0.00068 0.00081 0.00068 0.00055 0.45276 0.60643 0.33792 0.18638 0.54741 0.39201 1
0.13271 0.16535 0.32476 0.00013 0.00075 0.00013 0.00063 0.00075 0.00063 0.00050 0.45158 0.58897 0.32476 0.18507 0.54197 0.40014 1
0.13338 0.15771 0.28679 0.00010 0.00060 0.00010 0.00051 0.00060 0.00051 0.00041 0.45194 0.53466 0.28679 0.17250 0.53342 0.41852 1
0.12205 0.11847 0.11529 0.00001 0.00003 0.00001 0.00001 0.00003 0.00001 0.00000 0.27232 0.10313 0.12504 0.11392 0.50310 0.50480 0
0.09974 0.10634 0.12823 0.00003 0.00011 0.00003 0.00009 0.00011 0.00009 0.00006 0.44885 0.25195 0.12823 0.09989 0.50470 0.48722 0
0.13821 0.16615 0.31950 0.00011 0.00071 0.00011 0.00060 0.00071 0.00060 0.00049 0.45343 0.56571 0.31950 0.18591 0.54074 0.40397 1
0.12614 0.11572 0.11471 0.00004 0.00004 0.00004 0.00000 0.00004 0.00000 0.00004 0.33958 0.11844 0.12616 0.11274 0.50672 0.50399 0
0.10579 0.10435 0.10473 0.00001 0.00000 0.00001 0.00000 0.00000 0.00000 0.00001 0.11670 0.02469 0.10617 0.09652 0.50282 0.50173 0
0.13630 0.16535 0.31754 0.00011 0.00071 0.00011 0.00060 0.00071 0.00060 0.00048 0.45297 0.56876 0.31754 0.18449 0.54034 0.40470 1
0.13900 0.17046 0.32166 0.00012 0.00072 0.00012 0.00059 0.00072 0.00059 0.00047 0.45110 0.56090 0.32166 0.19005 0.53893 0.40542 1
0.14861 0.17011 0.29923 0.00008 0.00059 0.00008 0.00051 0.00059 0.00051 0.00042 0.45479 0.49906 0.29923 0.18802 0.53345 0.41912 1
0.55656 0.53736 0.51784 0.00008 0.00015 0.00008 0.00008 0.00015 0.00008 0.00000 0.07764 0.08005 0.55889 0.57383 0.50565 0.51494 0
0.19589 0.18367 0.17123 0.00005 0.00010 0.00005 0.00005 0.00010 0.00005 0.00000 0.06155 0.15768 0.19589 0.19209 0.50464 0.51169 0
0.19740 0.19077 0.18965 0.00003 0.00003 0.00003 0.00000 0.00003 0.00000 0.00002 0.36453 0.05779 0.19752 0.20110 0.50441 0.50311 0
0.17512 0.16823 0.16664 0.00003 0.00003 0.00003 0.00001 0.00003 0.00001 0.00002 0.30164 0.07136 0.17571 0.17444 0.50457 0.50389 0
0.13348 0.12419 0.20140 0.00004 0.00027 0.00004 0.00030 0.00027 0.00030 0.00034 0.48590 0.39433 0.20140 0.13175 0.52856 0.45322 0
0.20251 0.19597 0.19194 0.00003 0.00004 0.00003 0.00002 0.00004 0.00002 0.00001 0.14993 0.06149 0.20251 0.20555 0.50385 0.50543 0
0.12586 0.12548 0.15853 0.00000 0.00013 0.00000 0.00013 0.00013 0.00013 0.00013 0.38668 0.20501 0.15912 0.12517 0.51182 0.48071 0
0.18785 0.16694 0.16254 0.00008 0.00010 0.00008 0.00002 0.00010 0.00002 0.00006 0.06739 0.16249 0.18785 0.17469 0.51125 0.50834 0
0.20167 0.19858 0.19166 0.00001 0.00004 0.00001 0.00003 0.00004 0.00003 0.00002 0.14326 0.05557 0.20184 0.20918 0.50154 0.50626 0
0.18634 0.16341 0.15920 0.00009 0.00011 0.00009 0.00002 0.00011 0.00002 0.00007 0.13224 0.19182 0.18634 0.17083 0.51201 0.50866 0
0.18985 0.17321 0.16504 0.00007 0.00010 0.00007 0.00003 0.00010 0.00003 0.00003 0.03955 0.15459 0.18985 0.18096 0.50802 0.51002 0
0.17507 0.16128 0.15695 0.00005 0.00007 0.00005 0.00002 0.00007 0.00002 0.00004 0.13984 0.14035 0.17511 0.16635 0.50704 0.50716 0
0.22638 0.20803 0.19982 0.00007 0.00010 0.00007 0.00003 0.00010 0.00003 0.00004 0.04007 0.13048 0.22638 0.22342 0.50899 0.50958 0
0.16217 0.14642 0.23072 0.00006 0.00027 0.00006 0.00033 0.00027 0.00033 0.00039 0.49392 0.35799 0.23078 0.16205 0.53297 0.45030 0
0.20109 0.19069 0.18096 0.00004 0.00008 0.00004 0.00004 0.00008 0.00004 0.00000 0.09773 0.11323 0.20116 0.20064 0.50421 0.50983 0
0.20432 0.18055 0.17671 0.00009 0.00011 0.00009 0.00002 0.00011 0.00002 0.00008 0.16915 0.16455 0.20432 0.19253 0.51196 0.50820 0
0.11572 0.11100 0.18055 0.00002 0.00025 0.00002 0.00027 0.00025 0.00027 0.00029 0.47111 0.40804 0.18062 0.11336 0.52454 0.45714 0
0.11841 0.10978 0.21765 0.00003 0.00039 0.00003 0.00042 0.00039 0.00042 0.00046 0.48037 0.50705 0.21765 0.11826 0.53894 0.43316 1
0.19303 0.17555 0.17014 0.00007 0.00009 0.00007 0.00002 0.00009 0.00002 0.00005 0.05549 0.14354 0.19303 0.18375 0.50919 0.50829 0
0.17856 0.17464 0.17428 0.00002 0.00002 0.00002 0.00000 0.00002 0.00000 0.00001 0.26949 0.02921 0.17856 0.18089 0.50349 0.50269 0
0.19088 0.17912 0.17791 0.00005 0.00005 0.00005 0.00000 0.00005 0.00000 0.00004 0.24810 0.08614 0.19088 0.18840 0.50716 0.50438 0
0.34684 0.33169 0.33799 0.00006 0.00003 0.00006 0.00002 0.00003 0.00002 0.00008 0.31933 0.10627 0.35941 0.36356 0.50981 0.50069 1
0.29832 0.30939 0.36567 0.00004 0.00026 0.00004 0.00022 0.00026 0.00022 0.00018 0.39135 0.21508 0.37150 0.33784 0.51326 0.46756 1
0.27307 0.28490 0.35113 0.00005 0.00031 0.00005 0.00026 0.00031 0.00026 0.00021 0.40287 0.25335 0.35690 0.31217 0.51515 0.46126 1
0.19198 0.20245 0.22862 0.00004 0.00014 0.00004 0.00010 0.00014 0.00010 0.00006 0.35735 0.20478 0.23414 0.21332 0.50514 0.48392 1
0.16424 0.17304 0.16015 0.00003 0.00002 0.00003 0.00005 0.00002 0.00005 0.00009 0.25941 0.21448 0.18371 0.17487 0.49608 0.50856 1
0.17177 0.18798 0.23259 0.00006 0.00024 0.00006 0.00017 0.00024 0.00017 0.00011 0.41911 0.28187 0.23422 0.19768 0.50802 0.47106 1
0.14747 0.16891 0.25785 0.00008 0.00043 0.00008 0.00035 0.00043 0.00035 0.00026 0.44861 0.43482 0.25785 0.18027 0.52000 0.44259 1
0.29770 0.31891 0.56032 0.00008 0.00103 0.00008 0.00095 0.00103 0.00095 0.00086 0.46134 0.47071 0.56032 0.36838 0.56200 0.36537 1
0.41529 0.41248 0.43046 0.00001 0.00006 0.00001 0.00007 0.00006 0.00007 0.00008 0.35985 0.06052 0.43256 0.43989 0.50722 0.49189 0
0.30898 0.32605 0.55102 0.00007 0.00095 0.00007 0.00088 0.00095 0.00088 0.00082 0.46359 0.43901 0.55102 0.37453 0.55845 0.37483 1
0.36620 0.36973 0.48687 0.00001 0.00047 0.00001 0.00046 0.00047 0.00046 0.00045 0.47252 0.25092 0.48687 0.40786 0.53031 0.43594 0
0.44016 0.43846 0.44614 0.00001 0.00002 0.00001 0.00003 0.00002 0.00003 0.00004 0.31647 0.03520 0.44869 0.46545 0.50447 0.49746 0
0.41814 0.41646 0.41876 0.00001 0.00000 0.00001 0.00001 0.00000 0.00001 0.00002 0.25143 0.02006 0.42155 0.44185 0.50329 0.50084 0
0.43552 0.43179 0.44420 0.00001 0.00003 0.00001 0.00005 0.00003 0.00005 0.00006 0.37528 0.04567 0.44629 0.45876 0.50614 0.49537 0
0.43344 0.43171 0.44042 0.00001 0.00003 0.00001 0.00003 0.00003 0.00003 0.00004 0.28916 0.03471 0.44137 0.45562 0.50449 0.49708 0
0.36559 0.36398 0.56708 0.00001 0.00079 0.00001 0.00080 0.00079 0.00080 0.00080 0.47216 0.37287 0.56708 0.41358 0.55695 0.38953 1
0.38334 0.37891 0.38463 0.00002 0.00001 0.00002 0.00002 0.00001 0.00002 0.00004 0.39051 0.03934 0.38885 0.40451 0.50506 0.49911 0
0.31661 0.33026 0.56234 0.00005 0.00096 0.00005 0.00091 0.00096 0.00091 0.00086 0.46425 0.44051 0.56234 0.38029 0.56059 0.37157 1
0.40847 0.40540 0.41571 0.00001 0.00003 0.00001 0.00004 0.00003 0.00004 0.00005 0.37537 0.03891 0.41780 0.43292 0.50549 0.49642 0
0.42702 0.42295 0.43097 0.00002 0.00002 0.00002 0.00003 0.00002 0.00003 0.00005 0.35583 0.03536 0.43318 0.45038 0.50544 0.49781 0
0.45471 0.45198 0.46612 0.00001 0.00004 0.00001 0.00006 0.00004 0.00006 0.00007 0.35082 0.04560 0.46776 0.48065 0.50616 0.49425 0
0.36460 0.36628 0.55675 0.00001 0.00075 0.00001 0.00075 0.00075 0.00075 0.00074 0.46355 0.35488 0.55682 0.41441 0.55219 0.39623 1
0.34695 0.35013 0.58520 0.00001 0.00093 0.00001 0.00092 0.00093 0.00092 0.00091 0.47048 0.41692 0.58520 0.40312 0.56519 0.37207 1
0.32224 0.33465 0.58271 0.00005 0.00102 0.00005 0.00097 0.00102 0.00097 0.00092 0.46579 0.45210 0.58271 0.38732 0.56579 0.36361 1
0.30888 0.32976 0.58375 0.00008 0.00108 0.00008 0.00100 0.00108 0.00100 0.00091 0.46218 0.47581 0.58375 0.38135 0.56539 0.35930 1
0.32895 0.34821 0.58517 0.00008 0.00100 0.00008 0.00093 0.00100 0.00093 0.00085 0.46297 0.44478 0.58517 0.39834 0.56136 0.36899 1
0.31532 0.31095 0.32197 0.00002 0.00003 0.00002 0.00004 0.00003 0.00004 0.00006 0.44414 0.05346 0.32343 0.33167 0.50662 0.49588 0
0.24616 0.24257 0.28884 0.00001 0.00017 0.00001 0.00018 0.00017 0.00018 0.00020 0.47947 0.15981 0.28884 0.26520 0.51495 0.47446 0
0.27610 0.27356 0.29902 0.00001 0.00009 0.00001 0.00010 0.00009 0.00010 0.00011 0.45939 0.09744 0.29930 0.29465 0.50898 0.48695 0
0.32714 0.32442 0.33692 0.00001 0.00004 0.00001 0.00005 0.00004 0.00005 0.00006 0.37671 0.05542 0.33823 0.34606 0.50611 0.49461 0
0.26457 0.26041 0.28851 0.00002 0.00009 0.00002 0.00011 0.00009 0.00011 0.00013 0.46131 0.11187 0.28879 0.28161 0.51052 0.48533 0
0.34907 0.34887 0.34930 0.00000 0.00000 0.00000 0.00000 0.00000 0.00000 0.00000 0.17056 0.01374 0.35153 0.37117 0.50238 0.50178 0
0.24681 0.24189 0.33025 0.00002 0.00033 0.00002 0.00035 0.00033 0.00035 0.00037 0.47958 0.28199 0.33025 0.26806 0.52745 0.44920 0
0.34620 0.34366 0.34684 0.00001 0.00000 0.00001 0.00001 0.00000 0.00001 0.00002 0.28617 0.02084 0.34897 0.36635 0.50396 0.50044 0
0.28321 0.27756 0.29532 0.00002 0.00005 0.00002 0.00007 0.00005 0.00007 0.00009 0.44394 0.07782 0.29645 0.29850 0.50860 0.49172 0
0.30288 0.30118 0.31461 0.00001 0.00005 0.00001 0.00005 0.00005 0.00005 0.00006 0.38044 0.06203 0.31568 0.32221 0.50604 0.49403 0
0.33855 0.33268 0.34449 0.00002 0.00002 0.00002 0.00005 0.00002 0.00005 0.00007 0.47209 0.04951 0.34567 0.35480 0.50709 0.49578 0
0.30209 0.28305 0.24231 0.00007 0.00023 0.00007 0.00016 0.00023 0.00016 0.00009 0.10063 0.23356 0.30215 0.30200 0.50284 0.52860 0
0.25631 0.25507 0.24516 0.00000 0.00004 0.00000 0.00004 0.00004 0.00004 0.00003 0.30628 0.08658 0.26203 0.26970 0.50085 0.50768 0
0.16311 0.20015 0.38164 0.00015 0.00086 0.00015 0.00071 0.00086 0.00071 0.00057 0.45113 0.57437 0.38164 0.22749 0.54561 0.38924 1
0.16933 0.20020 0.37827 0.00012 0.00082 0.00012 0.00070 0.00082 0.00070 0.00058 0.45413 0.55460 0.37827 0.22813 0.54627 0.39174 1
0.16440 0.20418 0.38257 0.00016 0.00086 0.00016 0.00070 0.00086 0.00070 0.00054 0.44991 0.57233 0.38257 0.23123 0.54426 0.39091 1
0.17132 0.21226 0.39890 0.00016 0.00089 0.00016 0.00073 0.00089 0.00073 0.00057 0.44924 0.57854 0.39890 0.24084 0.54615 0.38635 1
0.16748 0.20618 0.38516 0.00015 0.00085 0.00015 0.00070 0.00085 0.00070 0.00055 0.45034 0.57048 0.38516 0.23345 0.54483 0.39050 1
0.29340 0.27361 0.23463 0.00008 0.00023 0.00008 0.00015 0.00023 0.00015 0.00008 0.10021 0.23695 0.29340 0.29193 0.50352 0.52781 0
0.17175 0.19934 0.38426 0.00011 0.00083 0.00011 0.00073 0.00083 0.00073 0.00062 0.45654 0.55654 0.38426 0.22898 0.54979 0.38823 1
0.17208 0.20280 0.38397 0.00012 0.00083 0.00012 0.00071 0.00083 0.00071 0.00059 0.45427 0.55521 0.38397 0.23147 0.54711 0.39016 1
0.17056 0.20033 0.38637 0.00012 0.00085 0.00012 0.00073 0.00085 0.00073 0.00061 0.45465 0.56264 0.38637 0.22978 0.54976 0.38744 1
0.24165 0.23953 0.23240 0.00001 0.00004 0.00001 0.00003 0.00004 0.00003 0.00002 0.31729 0.08484 0.24694 0.25337 0.50175 0.50621 0
0.17598 0.20154 0.37757 0.00010 0.00079 0.00010 0.00069 0.00079 0.00069 0.00059 0.45683 0.53979 0.37757 0.23017 0.54756 0.39350 1
0.34875 0.34075 0.34277 0.00003 0.00002 0.00003 0.00001 0.00002 0.00001 0.00004 0.31451 0.04656 0.35314 0.37098 0.50554 0.50211 1
0.35996 0.36765 0.37549 0.00003 0.00006 0.00003 0.00003 0.00006 0.00003 0.00000 0.27541 0.06868 0.38107 0.39692 0.50097 0.49606 1
0.37207 0.34330 0.31787 0.00011 0.00021 0.00011 0.00010 0.00021 0.00010 0.00001 0.05621 0.14700 0.37207 0.37688 0.50889 0.52095 1
0.39425 0.36948 0.35465 0.00010 0.00016 0.00010 0.00006 0.00016 0.00006 0.00004 0.05584 0.10105 0.39427 0.40441 0.50901 0.51371 1
0.42328 0.38194 0.35313 0.00016 0.00028 0.00016 0.00011 0.00028 0.00011 0.00005 0.04823 0.16685 0.42328 0.42076 0.51294 0.52438 1
0.40363 0.37828 0.36209 0.00010 0.00016 0.00010 0.00006 0.00016 0.00006 0.00004 0.04930 0.10361 0.40363 0.41371 0.50889 0.51451 1
0.41259 0.38420 0.36868 0.00011 0.00017 0.00011 0.00006 0.00017 0.00006 0.00005 0.04775 0.10802 0.41259 0.42060 0.51037 0.51476 1
0.38547 0.37170 0.34532 0.00005 0.00016 0.00005 0.00010 0.00016 0.00010 0.00005 0.09395 0.11183 0.38658 0.40292 0.50231 0.51894 1
0.38293 0.37331 0.39258 0.00004 0.00004 0.00004 0.00008 0.00004 0.00008 0.00011 0.51223 0.05769 0.39525 0.40721 0.50984 0.49242 1
0.42743 0.39076 0.37991 0.00014 0.00019 0.00014 0.00004 0.00019 0.00004 0.00010 0.09000 0.11526 0.42743 0.42973 0.51458 0.51370 1
0.39882 0.37446 0.35982 0.00010 0.00015 0.00010 0.00006 0.00015 0.00006 0.00004 0.04626 0.09926 0.39884 0.40949 0.50872 0.51354 1
0.40028 0.36945 0.35176 0.00012 0.00019 0.00012 0.00007 0.00019 0.00007 0.00005 0.04253 0.12258 0.40028 0.40574 0.51125 0.51642 1
0.43244 0.39809 0.37223 0.00013 0.00024 0.00013 0.00010 0.00024 0.00010 0.00003 0.05075 0.14012 0.43244 0.43597 0.51034 0.52119 1
0.42333 0.38639 0.35513 0.00014 0.00027 0.00014 0.00012 0.00027 0.00012 0.00002 0.05407 0.16273 0.42333 0.42398 0.51037 0.52536 1
0.29323 0.35945 0.46322 0.00026 0.00067 0.00026 0.00041 0.00067 0.00041 0.00015 0.42825 0.37499 0.46322 0.38527 0.50629 0.43505 1
0.31122 0.35898 0.46638 0.00019 0.00061 0.00019 0.00042 0.00061 0.00042 0.00023 0.43633 0.34274 0.46638 0.38796 0.51302 0.43505 1
0.27500 0.30768 0.39551 0.00013 0.00047 0.00013 0.00034 0.00047 0.00034 0.00022 0.38913 0.31897 0.40062 0.33432 0.51424 0.44738 1
0.28294 0.28446 0.28978 0.00001 0.00003 0.00001 0.00002 0.00003 0.00002 0.00001 0.26984 0.03934 0.28984 0.30252 0.50238 0.49883 0
0.31015 0.33801 0.41222 0.00011 0.00040 0.00011 0.00029 0.00040 0.00029 0.00018 0.44181 0.25496 0.41222 0.36617 0.50996 0.45565 1
0.29257 0.31952 0.38996 0.00011 0.00038 0.00011 0.00028 0.00038 0.00028 0.00017 0.44316 0.25663 0.38997 0.34637 0.50964 0.45745 1
0.28974 0.31091 0.40159 0.00008 0.00044 0.00008 0.00036 0.00044 0.00036 0.00027 0.44879 0.27739 0.40223 0.34056 0.51795 0.44683 1
0.26596 0.25379 0.25385 0.00005 0.00005 0.00005 0.00000 0.00005 0.00000 0.00005 0.20908 0.12277 0.27675 0.27670 0.50746 0.50413 1
0.29049 0.29195 0.29711 0.00001 0.00003 0.00001 0.00002 0.00003 0.00002 0.00001 0.26270 0.03793 0.29717 0.31065 0.50236 0.49892 0
0.29694 0.28188 0.28106 0.00006 0.00006 0.00006 0.00000 0.00006 0.00000 0.00006 0.32267 0.06746 0.29813 0.30893 0.50820 0.50474 1
0.31437 0.29454 0.27448 0.00008 0.00016 0.00008 0.00008 0.00016 0.00008 0.00000 0.05931 0.12736 0.31437 0.32276 0.50613 0.51663 1
0.27098 0.26822 0.30453 0.00001 0.00013 0.00001 0.00014 0.00013 0.00014 0.00015 0.44365 0.13992 0.30689 0.29347 0.51212 0.48034 1
0.32815 0.30548 0.37777 0.00009 0.00019 0.00009 0.00028 0.00019 0.00028 0.00037 0.48764 0.20075 0.38064 0.34301 0.52790 0.46310 1
0.31626 0.29021 0.27669 0.00010 0.00016 0.00010 0.00005 0.00016 0.00005 0.00005 0.06949 0.15095 0.31626 0.31355 0.51010 0.51383 0
0.31574 0.29495 0.38403 0.00008 0.00027 0.00008 0.00035 0.00027 0.00035 0.00043 0.49722 0.24394 0.38639 0.33243 0.53245 0.45267 1
0.33714 0.31028 0.37977 0.00011 0.00017 0.00011 0.00027 0.00017 0.00027 0.00038 0.51999 0.19162 0.38159 0.34865 0.52884 0.46541 1
0.31513 0.33308 0.43053 0.00007 0.00045 0.00007 0.00038 0.00045 0.00038 0.00031 0.44551 0.27592 0.43053 0.36548 0.52042 0.44331 1
0.34099 0.32279 0.40033 0.00007 0.00023 0.00007 0.00030 0.00023 0.00030 0.00038 0.50122 0.20184 0.40153 0.36067 0.52751 0.45951 1
0.31354 0.30146 0.37424 0.00005 0.00024 0.00005 0.00029 0.00024 0.00029 0.00033 0.46999 0.21357 0.37655 0.33517 0.52517 0.46061 1
0.29940 0.31370 0.38504 0.00006 0.00034 0.00006 0.00028 0.00034 0.00028 0.00022 0.44553 0.23165 0.38504 0.34261 0.51470 0.45832 1
0.30670 0.31693 0.38678 0.00004 0.00031 0.00004 0.00027 0.00031 0.00027 0.00023 0.44989 0.21845 0.38682 0.34670 0.51578 0.45958 1
0.29044 0.31386 0.39354 0.00009 0.00040 0.00009 0.00031 0.00040 0.00031 0.00022 0.44099 0.26822 0.39354 0.34217 0.51359 0.45239 1
0.25484 0.30570 0.42477 0.00020 0.00067 0.00020 0.00047 0.00067 0.00047 0.00027 0.43596 0.40460 0.42477 0.33263 0.51621 0.42669 1
0.23328 0.29675 0.41927 0.00025 0.00073 0.00025 0.00048 0.00073 0.00048 0.00023 0.43120 0.44760 0.41927 0.32130 0.51393 0.42312 1
0.25378 0.30626 0.41668 0.00021 0.00064 0.00021 0.00043 0.00064 0.00043 0.00023 0.43606 0.39411 0.41668 0.33213 0.51327 0.43155 1
0.27199 0.31363 0.42859 0.00016 0.00061 0.00016 0.00045 0.00061 0.00045 0.00029 0.44068 0.37451 0.42859 0.34190 0.51791 0.43018 1
0.27001 0.30733 0.41721 0.00015 0.00058 0.00015 0.00043 0.00058 0.00043 0.00028 0.44389 0.36039 0.41721 0.33531 0.51821 0.43332 1
0.25077 0.28650 0.36378 0.00014 0.00044 0.00014 0.00030 0.00044 0.00030 0.00016 0.43125 0.29241 0.36414 0.31033 0.51020 0.45249 1
0.26452 0.30196 0.41489 0.00015 0.00059 0.00015 0.00044 0.00059 0.00044 0.00030 0.44474 0.36513 0.41490 0.33025 0.51904 0.43167 1
0.25372 0.29980 0.41469 0.00018 0.00063 0.00018 0.00045 0.00063 0.00045 0.00027 0.43713 0.39164 0.41469 0.32681 0.51631 0.42954 1
0.24205 0.29475 0.41010 0.00021 0.00066 0.00021 0.00045 0.00066 0.00045 0.00025 0.43402 0.40955 0.41010 0.32029 0.51426 0.42825 1
0.25589 0.29896 0.42464 0.00017 0.00066 0.00017 0.00049 0.00066 0.00049 0.00032 0.44343 0.39907 0.42464 0.32757 0.52115 0.42379 1
0.24762 0.30837 0.42632 0.00024 0.00070 0.00024 0.00046 0.00070 0.00046 0.00022 0.43194 0.42354 0.42632 0.33346 0.51371 0.42631 1
0.27241 0.29745 0.39002 0.00010 0.00046 0.00010 0.00036 0.00046 0.00036 0.00026 0.44699 0.31368 0.39002 0.32480 0.51692 0.44437 1
0.27614 0.31121 0.42213 0.00014 0.00057 0.00014 0.00043 0.00057 0.00043 0.00030 0.44517 0.35299 0.42213 0.34006 0.51898 0.43327 1
0.25910 0.30001 0.41325 0.00016 0.00060 0.00016 0.00044 0.00060 0.00044 0.00028 0.44107 0.37909 0.41325 0.32714 0.51839 0.43088 1
0.24905 0.30391 0.41907 0.00022 0.00067 0.00022 0.00045 0.00067 0.00045 0.00024 0.43435 0.41413 0.41907 0.32880 0.51443 0.42823 1
0.36747 0.36912 0.38567 0.00001 0.00007 0.00001 0.00006 0.00007 0.00006 0.00006 0.47825 0.06467 0.38787 0.40079 0.50521 0.49273 1
0.36973 0.36931 0.38131 0.00000 0.00005 0.00000 0.00005 0.00005 0.00005 0.00005 0.44057 0.03891 0.38192 0.40054 0.50427 0.49527 1
0.33529 0.33884 0.35426 0.00001 0.00007 0.00001 0.00006 0.00007 0.00006 0.00005 0.41132 0.06623 0.35587 0.36713 0.50410 0.49271 1
0.29082 0.29959 0.32322 0.00003 0.00013 0.00003 0.00009 0.00013 0.00009 0.00006 0.43785 0.10168 0.32355 0.32392 0.50419 0.48700 1
0.22760 0.22793 0.23173 0.00000 0.00002 0.00000 0.00001 0.00002 0.00001 0.00001 0.25531 0.04455 0.23388 0.23877 0.50276 0.49950 0
0.22665 0.22544 0.22364 0.00000 0.00001 0.00000 0.00001 0.00001 0.00001 0.00000 0.13014 0.02739 0.22782 0.23579 0.50210 0.50322 0
0.23710 0.22838 0.22253 0.00003 0.00006 0.00003 0.00002 0.00006 0.00002 0.00001 0.14495 0.07896 0.23723 0.23974 0.50447 0.50646 0
0.28101 0.27045 0.26332 0.00004 0.00007 0.00004 0.00003 0.00007 0.00003 0.00001 0.06384 0.09347 0.28101 0.28641 0.50488 0.50767 0
0.27099 0.25605 0.24568 0.00006 0.00010 0.00006 0.00004 0.00010 0.00004 0.00002 0.10542 0.11852 0.27110 0.27122 0.50609 0.51024 0
0.26116 0.23709 0.23461 0.00009 0.00010 0.00009 0.00001 0.00010 0.00001 0.00008 0.19508 0.15008 0.26127 0.25357 0.51150 0.50718 0
0.25114 0.23298 0.22649 0.00007 0.00010 0.00007 0.00003 0.00010 0.00003 0.00005 0.16527 0.14517 0.25131 0.24758 0.50827 0.50833 0
0.23629 0.22085 0.21569 0.00006 0.00008 0.00006 0.00002 0.00008 0.00002 0.00004 0.10408 0.13177 0.23630 0.23162 0.50750 0.50773 0
0.27887 0.25993 0.25327 0.00007 0.00010 0.00007 0.00003 0.00010 0.00003 0.00005 0.15454 0.14718 0.27899 0.27662 0.50844 0.50868 0
0.25822 0.25895 0.25755 0.00000 0.00000 0.00000 0.00001 0.00000 0.00001 0.00001 0.08607 0.01593 0.25975 0.27273 0.50140 0.50261 0
0.27715 0.25710 0.25278 0.00008 0.00010 0.00008 0.00002 0.00010 0.00002 0.00006 0.18905 0.12748 0.27719 0.27359 0.50983 0.50758 0
0.28528 0.26294 0.25578 0.00009 0.00012 0.00009 0.00003 0.00012 0.00003 0.00006 0.09403 0.15855 0.28528 0.28078 0.50968 0.50952 0
0.27339 0.26246 0.25674 0.00004 0.00007 0.00004 0.00002 0.00007 0.00002 0.00002 0.15148 0.09555 0.27386 0.27922 0.50546 0.50690 0
0.21523 0.21562 0.21839 0.00000 0.00001 0.00000 0.00001 0.00001 0.00001 0.00001 0.25092 0.04340 0.22065 0.22490 0.50251 0.50008 0
0.22121 0.22001 0.21821 0.00000 0.00001 0.00000 0.00001 0.00001 0.00001 0.00000 0.13008 0.02775 0.22240 0.22985 0.50208 0.50322 0
0.22483 0.21633 0.21056 0.00003 0.00006 0.00003 0.00002 0.00006 0.00002 0.00001 0.14963 0.08047 0.22492 0.22639 0.50440 0.50641 0
0.27576 0.26540 0.25827 0.00004 0.00007 0.00004 0.00003 0.00007 0.00003 0.00001 0.06472 0.09462 0.27576 0.28075 0.50482 0.50766 0
0.26468 0.24985 0.23949 0.00006 0.00010 0.00006 0.00004 0.00010 0.00004 0.00002 0.10739 0.12004 0.26479 0.26444 0.50610 0.51023 0
0.25385 0.23027 0.22789 0.00009 0.00010 0.00009 0.00001 0.00010 0.00001 0.00008 0.19800 0.15191 0.25396 0.24590 0.51136 0.50706 0
0.24763 0.22956 0.22305 0.00007 0.00010 0.00007 0.00003 0.00010 0.00003 0.00005 0.16759 0.14641 0.24780 0.24379 0.50824 0.50832 0
0.22666 0.21156 0.20659 0.00006 0.00008 0.00006 0.00002 0.00008 0.00002 0.00004 0.10533 0.13402 0.22667 0.22132 0.50741 0.50763 0
0.27272 0.25403 0.24748 0.00007 0.00010 0.00007 0.00003 0.00010 0.00003 0.00005 0.15812 0.14925 0.27284 0.27004 0.50842 0.50863 0
0.25194 0.25267 0.25133 0.00000 0.00000 0.00000 0.00001 0.00000 0.00001 0.00001 0.08714 0.01622 0.25349 0.26572 0.50141 0.50258 0
0.27437 0.25442 0.25016 0.00008 0.00009 0.00008 0.00002 0.00009 0.00002 0.00006 0.19111 0.12814 0.27441 0.27063 0.50980 0.50755 0
0.27338 0.25168 0.24483 0.00009 0.00011 0.00009 0.00003 0.00011 0.00003 0.00006 0.09816 0.16243 0.27338 0.26816 0.50949 0.50932 0
0.14318 0.13019 0.11633 0.00005 0.00011 0.00005 0.00005 0.00011 0.00005 0.00000 0.06308 0.24673 0.14318 0.12927 0.50476 0.51221 0
0.07542 0.08125 0.09099 0.00002 0.00006 0.00002 0.00004 0.00006 0.00004 0.00002 0.37462 0.22056 0.09279 0.06893 0.50220 0.49524 0
0.11944 0.11390 0.10954 0.00002 0.00004 0.00002 0.00002 0.00004 0.00002 0.00000 0.24004 0.12574 0.11961 0.10704 0.50363 0.50550 0
0.14250 0.13299 0.12318 0.00004 0.00008 0.00004 0.00004 0.00008 0.00004 0.00000 0.08251 0.21961 0.14250 0.13137 0.50394 0.50919 0
0.15489 0.15818 0.18987 0.00001 0.00014 0.00001 0.00012 0.00014 0.00012 0.00011 0.46257 0.31552 0.18987 0.16217 0.50762 0.48360 0
0.10374 0.11915 0.15191 0.00006 0.00019 0.00006 0.00013 0.00019 0.00013 0.00007 0.41739 0.35371 0.15242 0.11259 0.50552 0.47779 0
0.17106 0.16700 0.17767 0.00002 0.00003 0.00002 0.00004 0.00003 0.00004 0.00006 0.42637 0.14280 0.17907 0.17130 0.50536 0.49625 0
0.21217 0.20154 0.19522 0.00004 0.00007 0.00004 0.00002 0.00007 0.00002 0.00002 0.13170 0.23579 0.21217 0.21141 0.50495 0.50685 0
0.12505 0.11509 0.11331 0.00004 0.00005 0.00004 0.00001 0.00005 0.00001 0.00003 0.23976 0.13493 0.12523 0.11029 0.50646 0.50470 0
0.12691 0.12460 0.12620 0.00001 0.00000 0.00001 0.00001 0.00000 0.00001 0.00002 0.25942 0.08737 0.13006 0.12102 0.50324 0.50107 0
0.08474 0.10308 0.13229 0.00007 0.00019 0.00007 0.00011 0.00019 0.00011 0.00004 0.42523 0.41499 0.13229 0.09307 0.50251 0.48101 0
0.13208 0.13743 0.15230 0.00002 0.00008 0.00002 0.00006 0.00008 0.00006 0.00004 0.39962 0.21445 0.15283 0.13459 0.50350 0.49222 0
0.13691 0.13018 0.12881 0.00003 0.00003 0.00003 0.00001 0.00003 0.00001 0.00002 0.28145 0.16687 0.13890 0.12790 0.50452 0.50347 0
0.16800 0.17101 0.15996 0.00001 0.00003 0.00001 0.00004 0.00003 0.00004 0.00006 0.15116 0.17684 0.17181 0.17299 0.49852 0.50862 0
0.14470 0.13774 0.13188 0.00003 0.00005 0.00003 0.00002 0.00005 0.00002 0.00000 0.20837 0.15275 0.14564 0.13495 0.50373 0.50641 0
0.08189 0.10974 0.15298 0.00011 0.00028 0.00011 0.00017 0.00028 0.00017 0.00006 0.42508 0.57232 0.15298 0.10062 0.50415 0.47090 0
0.11981 0.13932 0.18000 0.00008 0.00024 0.00008 0.00016 0.00024 0.00016 0.00008 0.33957 0.44707 0.18977 0.13763 0.50986 0.47231 0
0.10923 0.10972 0.11540 0.00000 0.00002 0.00000 0.00002 0.00002 0.00002 0.00002 0.34790 0.10929 0.11708 0.10217 0.50285 0.49823 0
0.12162 0.12356 0.13579 0.00001 0.00006 0.00001 0.00005 0.00006 0.00005 0.00004 0.40726 0.17807 0.13800 0.11855 0.50433 0.49395 0
0.12853 0.12659 0.12241 0.00001 0.00002 0.00001 0.00002 0.00002 0.00002 0.00001 0.19968 0.15170 0.13275 0.12279 0.50210 0.50484 0
0.09762 0.11742 0.15849 0.00008 0.00024 0.00008 0.00016 0.00024 0.00016 0.00008 0.33674 0.45381 0.16823 0.11269 0.51061 0.47190 0
0.16432 0.16203 0.16648 0.00001 0.00001 0.00001 0.00002 0.00001 0.00002 0.00003 0.35356 0.13388 0.16992 0.16381 0.50372 0.49938 0
0.06194 0.09547 0.14188 0.00013 0.00031 0.00013 0.00018 0.00031 0.00018 0.00005 0.42059 0.60997 0.14188 0.08274 0.50363 0.46706 0
0.09182 0.11894 0.13050 0.00011 0.00015 0.00011 0.00005 0.00015 0.00005 0.00006 0.38766 0.36935 0.13074 0.10806 0.49420 0.49134 0
0.09086 0.12501 0.14978 0.00013 0.00023 0.00013 0.00010 0.00023 0.00010 0.00004 0.40141 0.47508 0.14978 0.11499 0.49556 0.48162 0
0.09606 0.12397 0.13815 0.00011 0.00017 0.00011 0.00006 0.00017 0.00006 0.00005 0.39103 0.34929 0.13826 0.11462 0.49453 0.48870 0
0.13304 0.14897 0.18339 0.00006 0.00020 0.00006 0.00013 0.00020 0.00013 0.00007 0.31177 0.41246 0.19788 0.15042 0.50985 0.47725 0
0.50555 0.42466 0.47301 0.00032 0.00013 0.00032 0.00019 0.00013 0.00019 0.00051 0.55293 0.17701 0.51122 0.47988 0.54329 0.48677 1
0.53623 0.45084 0.45494 0.00033 0.00032 0.00033 0.00002 0.00032 0.00002 0.00035 0.40935 0.17251 0.53623 0.50438 0.53595 0.51225 1
0.55515 0.46343 0.47704 0.00036 0.00031 0.00036 0.00005 0.00031 0.00005 0.00041 0.37204 0.19331 0.55788 0.51913 0.54065 0.50745 1
0.64177 0.48442 0.46585 0.00062 0.00069 0.00062 0.00007 0.00069 0.00007 0.00054 0.13718 0.27776 0.64177 0.55580 0.56037 0.53582 1
0.63889 0.49035 0.46396 0.00058 0.00069 0.00058 0.00010 0.00069 0.00010 0.00048 0.13120 0.27740 0.63889 0.55836 0.55550 0.53825 1
0.63415 0.48927 0.45981 0.00057 0.00068 0.00057 0.00012 0.00068 0.00012 0.00045 0.11664 0.27763 0.63415 0.55603 0.55377 0.53934 1
0.55640 0.58299 0.55682 0.00010 0.00000 0.00010 0.00010 0.00000 0.00010 0.00021 0.22976 0.08925 0.58859 0.60745 0.48771 0.51225 1
0.60794 0.66211 0.61860 0.00021 0.00004 0.00021 0.00017 0.00004 0.00017 0.00038 0.26619 0.09439 0.66308 0.67644 0.47460 0.51781 1
0.61932 0.66763 0.62119 0.00019 0.00001 0.00019 0.00018 0.00001 0.00018 0.00037 0.25544 0.08892 0.66899 0.68255 0.47624 0.51975 1
0.60972 0.65286 0.60733 0.00017 0.00001 0.00017 0.00018 0.00001 0.00018 0.00035 0.24149 0.08399 0.65326 0.67015 0.47805 0.52030 1
0.63593 0.63237 0.51828 0.00001 0.00046 0.00001 0.00045 0.00046 0.00045 0.00043 0.11390 0.19537 0.63697 0.65363 0.48342 0.56221 0
0.63053 0.61776 0.52635 0.00005 0.00041 0.00005 0.00036 0.00041 0.00036 0.00031 0.10308 0.17317 0.63055 0.64353 0.49049 0.55154 0
0.60043 0.59646 0.51719 0.00002 0.00033 0.00002 0.00031 0.00033 0.00031 0.00030 0.11322 0.14181 0.60130 0.62462 0.48981 0.54418 1
0.40757 0.43923 0.45359 0.00012 0.00018 0.00012 0.00006 0.00018 0.00006 0.00007 0.37327 0.11634 0.45675 0.46514 0.49330 0.48954 0
0.42201 0.43988 0.44342 0.00007 0.00008 0.00007 0.00001 0.00008 0.00001 0.00006 0.35207 0.06488 0.44858 0.46812 0.49615 0.49755 0
0.40378 0.42051 0.45001 0.00007 0.00018 0.00007 0.00012 0.00018 0.00012 0.00005 0.42146 0.11057 0.45052 0.45068 0.50218 0.48314 0
0.41334 0.44146 0.43780 0.00011 0.00010 0.00011 0.00001 0.00010 0.00001 0.00012 0.31338 0.08548 0.44656 0.46714 0.49060 0.50004 0
0.34062 0.38441 0.44252 0.00017 0.00040 0.00017 0.00023 0.00040 0.00023 0.00006 0.41893 0.23140 0.44252 0.41125 0.49927 0.46331 0
0.42832 0.45174 0.45927 0.00009 0.00012 0.00009 0.00003 0.00012 0.00003 0.00006 0.35883 0.08296 0.46349 0.47829 0.49513 0.49454 0
0.42647 0.46182 0.46897 0.00014 0.00017 0.00014 0.00003 0.00017 0.00003 0.00011 0.36235 0.10578 0.47238 0.48686 0.49046 0.49300 0
0.43667 0.46020 0.44799 0.00009 0.00004 0.00009 0.00005 0.00004 0.00005 0.00014 0.26592 0.07145 0.46219 0.48586 0.49037 0.50521 0
0.44261 0.45847 0.46284 0.00006 0.00008 0.00006 0.00002 0.00008 0.00002 0.00005 0.35791 0.06049 0.46682 0.48676 0.49692 0.49735 0
0.36588 0.41320 0.46854 0.00019 0.00040 0.00019 0.00022 0.00040 0.00022 0.00003 0.40975 0.23015 0.46892 0.43908 0.49795 0.46496 0
0.42868 0.45893 0.46062 0.00012 0.00013 0.00012 0.00001 0.00013 0.00001 0.00011 0.35118 0.08606 0.46582 0.48432 0.49105 0.49665 0
0.45932 0.49082 0.47956 0.00012 0.00008 0.00012 0.00004 0.00008 0.00004 0.00017 0.30372 0.07299 0.49189 0.51561 0.48808 0.50385 0
0.45727 0.48939 0.47811 0.00013 0.00008 0.00013 0.00004 0.00008 0.00004 0.00017 0.30562 0.07690 0.49203 0.51424 0.48786 0.50373 0
0.42885 0.46777 0.45681 0.00015 0.00011 0.00015 0.00004 0.00011 0.00004 0.00020 0.31289 0.09335 0.47110 0.49230 0.48531 0.50281 0
0.38334 0.42173 0.45922 0.00015 0.00030 0.00015 0.00015 0.00030 0.00015 0.00000 0.40877 0.17233 0.45922 0.44847 0.49604 0.47585 0
0.25404 0.25464 0.25882 0.00000 0.00002 0.00000 0.00002 0.00002 0.00002 0.00001 0.31562 0.13129 0.27239 0.27043 0.50335 0.49863 0
0.27884 0.27130 0.26454 0.00003 0.00006 0.00003 0.00003 0.00006 0.00003 0.00000 0.26834 0.11000 0.28626 0.28995 0.50416 0.50649 0
0.29957 0.28700 0.26953 0.00005 0.00012 0.00005 0.00007 0.00012 0.00007 0.00002 0.24559 0.13686 0.30245 0.30620 0.50405 0.51336 0
0.25949 0.25996 0.26723 0.00000 0.00003 0.00000 0.00003 0.00003 0.00003 0.00003 0.35427 0.11881 0.27807 0.27781 0.50393 0.49686 0
0.29885 0.28732 0.27085 0.00005 0.00011 0.00005 0.00006 0.00011 0.00006 0.00002 0.24224 0.14696 0.30514 0.30656 0.50393 0.51266 0
0.27608 0.28232 0.30400 0.00002 0.00011 0.00002 0.00009 0.00011 0.00009 0.00006 0.38219 0.14268 0.30862 0.30063 0.50502 0.48736 0
0.29588 0.31828 0.32673 0.00009 0.00012 0.00009 0.00003 0.00012 0.00003 0.00005 0.36056 0.12618 0.33208 0.33724 0.49513 0.49355 0
0.33253 0.34392 0.33688 0.00004 0.00002 0.00004 0.00003 0.00002 0.00003 0.00007 0.27101 0.06949 0.34688 0.36178 0.49595 0.50431 0
0.27786 0.28708 0.32866 0.00004 0.00020 0.00004 0.00016 0.00020 0.00016 0.00013 0.40271 0.19668 0.33101 0.30692 0.50924 0.47522 0
0.13518 0.23411 0.40168 0.00039 0.00105 0.00039 0.00066 0.00105 0.00066 0.00027 0.42710 0.66811 0.40168 0.25352 0.52392 0.39226 1
0.13631 0.22676 0.42082 0.00035 0.00112 0.00035 0.00076 0.00112 0.00076 0.00041 0.43406 0.67937 0.42082 0.25071 0.53629 0.37818 1
0.15576 0.23281 0.40190 0.00030 0.00097 0.00030 0.00066 0.00097 0.00066 0.00036 0.43342 0.61980 0.40190 0.25536 0.53010 0.39322 1
0.18705 0.23542 0.39504 0.00019 0.00082 0.00019 0.00063 0.00082 0.00063 0.00044 0.44372 0.53273 0.39504 0.26124 0.53366 0.40151 1
0.19913 0.24252 0.40637 0.00017 0.00081 0.00017 0.00064 0.00081 0.00064 0.00047 0.44622 0.52302 0.40637 0.27006 0.53628 0.40000 1
0.17047 0.22769 0.36968 0.00022 0.00078 0.00022 0.00056 0.00078 0.00056 0.00033 0.43792 0.54019 0.36968 0.24905 0.52646 0.41035 1
0.18434 0.23394 0.39710 0.00019 0.00083 0.00019 0.00064 0.00083 0.00064 0.00045 0.44363 0.54609 0.39710 0.25982 0.53532 0.39936 1
0.19314 0.22607 0.35319 0.00013 0.00063 0.00013 0.00050 0.00063 0.00050 0.00037 0.44794 0.48340 0.35320 0.24679 0.52944 0.42059 1
0.20798 0.23368 0.35302 0.00010 0.00057 0.00010 0.00047 0.00057 0.00047 0.00037 0.45365 0.41560 0.35302 0.25822 0.52709 0.42702 1
0.17677 0.22430 0.34458 0.00019 0.00066 0.00019 0.00047 0.00066 0.00047 0.00029 0.43439 0.50046 0.34464 0.24254 0.52218 0.42317 1
0.22793 0.24246 0.34283 0.00006 0.00045 0.00006 0.00039 0.00045 0.00039 0.00034 0.45564 0.34337 0.34307 0.26806 0.52394 0.43979 1
0.19264 0.22959 0.32193 0.00014 0.00051 0.00014 0.00036 0.00051 0.00036 0.00022 0.43577 0.40645 0.32202 0.24794 0.51529 0.44103 1
0.23013 0.24086 0.32396 0.00004 0.00037 0.00004 0.00033 0.00037 0.00033 0.00028 0.45768 0.29856 0.32441 0.26491 0.52002 0.45050 1
0.22680 0.25065 0.33228 0.00009 0.00041 0.00009 0.00032 0.00041 0.00032 0.00023 0.45003 0.32186 0.33252 0.27331 0.51513 0.44983 1
0.18232 0.23846 0.37873 0.00022 0.00077 0.00022 0.00055 0.00077 0.00055 0.00033 0.43760 0.52576 0.37873 0.26054 0.52425 0.41170 1
0.16914 0.20658 0.29415 0.00015 0.00049 0.00015 0.00034 0.00049 0.00034 0.00020 0.43807 0.42910 0.29415 0.21933 0.51344 0.44338 1
0.18354 0.24229 0.35436 0.00023 0.00067 0.00023 0.00044 0.00067 0.00044 0.00021 0.43035 0.48834 0.35436 0.26028 0.51385 0.42753 1
0.22755 0.26421 0.36513 0.00014 0.00054 0.00014 0.00040 0.00054 0.00040 0.00025 0.43949 0.38731 0.36513 0.28750 0.51753 0.43702 1
0.25966 0.27327 0.34822 0.00005 0.00035 0.00005 0.00029 0.00035 0.00029 0.00024 0.45378 0.26863 0.34929 0.29941 0.51650 0.45556 1
0.25167 0.27115 0.37540 0.00008 0.00049 0.00008 0.00041 0.00049 0.00041 0.00033 0.45454 0.33935 0.37563 0.29898 0.52305 0.43777 1
0.21596 0.25920 0.35970 0.00017 0.00056 0.00017 0.00039 0.00056 0.00039 0.00022 0.43658 0.40203 0.35970 0.28131 0.51534 0.43658 1
0.26659 0.28454 0.36997 0.00007 0.00041 0.00007 0.00034 0.00041 0.00034 0.00026 0.45211 0.28888 0.37079 0.31214 0.51785 0.44920 1
0.23072 0.24853 0.30592 0.00007 0.00029 0.00007 0.00023 0.00029 0.00023 0.00016 0.40687 0.26928 0.30724 0.26846 0.51121 0.46414 1
0.21711 0.26541 0.35794 0.00019 0.00055 0.00019 0.00036 0.00055 0.00036 0.00017 0.42839 0.39961 0.35794 0.28553 0.51147 0.44068 1
0.22371 0.25103 0.31979 0.00011 0.00038 0.00011 0.00027 0.00038 0.00027 0.00016 0.42834 0.31431 0.31984 0.27083 0.51054 0.45645 1
0.25169 0.29859 0.37938 0.00018 0.00050 0.00018 0.00032 0.00050 0.00032 0.00013 0.41836 0.33425 0.37952 0.32153 0.50742 0.44882 1
0.27519 0.29781 0.37584 0.00009 0.00039 0.00009 0.00031 0.00039 0.00031 0.00022 0.44996 0.26950 0.37595 0.32506 0.51323 0.45336 1
0.26983 0.30802 0.39094 0.00015 0.00047 0.00015 0.00033 0.00047 0.00033 0.00018 0.43725 0.31214 0.39094 0.33362 0.50900 0.44865 1
0.22671 0.27333 0.36850 0.00018 0.00056 0.00018 0.00037 0.00056 0.00037 0.00019 0.43137 0.39079 0.36850 0.29493 0.51117 0.43955 1
0.20784 0.25088 0.34072 0.00017 0.00052 0.00017 0.00035 0.00052 0.00035 0.00018 0.42801 0.39928 0.34078 0.27042 0.51214 0.44237 1
0.26096 0.29961 0.39706 0.00015 0.00053 0.00015 0.00038 0.00053 0.00038 0.00023 0.43906 0.35024 0.39706 0.32563 0.51329 0.44006 1
0.21258 0.26041 0.36178 0.00019 0.00059 0.00019 0.00040 0.00059 0.00040 0.00021 0.43285 0.42654 0.36178 0.28037 0.51291 0.43534 1
0.43487 0.40930 0.39463 0.00010 0.00016 0.00010 0.00006 0.00016 0.00006 0.00004 0.04632 0.09459 0.43487 0.44633 0.50920 0.51352 1
0.44993 0.41483 0.39920 0.00014 0.00020 0.00014 0.00006 0.00020 0.00006 0.00008 0.03570 0.11346 0.44993 0.45414 0.51302 0.51586 1
0.44852 0.41411 0.40385 0.00013 0.00018 0.00013 0.00004 0.00018 0.00004 0.00009 0.02713 0.10010 0.44852 0.45374 0.51386 0.51258 1
0.46900 0.41135 0.38937 0.00023 0.00031 0.00023 0.00009 0.00031 0.00009 0.00014 0.03237 0.17221 0.46900 0.45563 0.52098 0.52295 1
0.45329 0.39976 0.37329 0.00021 0.00031 0.00021 0.00010 0.00031 0.00010 0.00011 0.03863 0.17665 0.45329 0.44278 0.51850 0.52470 1
0.43952 0.40064 0.38348 0.00015 0.00022 0.00015 0.00007 0.00022 0.00007 0.00009 0.03656 0.12876 0.43952 0.44051 0.51456 0.51728 1
0.45780 0.40050 0.37059 0.00022 0.00034 0.00022 0.00012 0.00034 0.00012 0.00011 0.04055 0.19244 0.45780 0.44412 0.51955 0.52702 1
0.46580 0.40584 0.37899 0.00024 0.00034 0.00024 0.00011 0.00034 0.00011 0.00013 0.03599 0.18679 0.46580 0.45062 0.52087 0.52561 1
0.46112 0.39705 0.37017 0.00025 0.00036 0.00025 0.00011 0.00036 0.00011 0.00015 0.03452 0.19812 0.46112 0.44246 0.52278 0.52650 1
0.45777 0.40253 0.38089 0.00022 0.00030 0.00022 0.00008 0.00030 0.00008 0.00013 0.03257 0.16881 0.45777 0.44624 0.51988 0.52208 1
0.47579 0.40568 0.37836 0.00027 0.00038 0.00027 0.00011 0.00038 0.00011 0.00017 0.03345 0.20548 0.47579 0.45303 0.52502 0.52784 1
0.45805 0.40077 0.37371 0.00022 0.00033 0.00022 0.00011 0.00033 0.00011 0.00012 0.03814 0.18481 0.45805 0.44467 0.52012 0.52532 1
0.46406 0.39686 0.36637 0.00026 0.00038 0.00026 0.00012 0.00038 0.00012 0.00014 0.03815 0.21149 0.46406 0.44282 0.52335 0.52897 1
0.47348 0.41450 0.38636 0.00023 0.00034 0.00023 0.00011 0.00034 0.00011 0.00012 0.03920 0.18443 0.47348 0.45890 0.52065 0.52587 1
0.44485 0.40119 0.38858 0.00017 0.00022 0.00017 0.00005 0.00022 0.00005 0.00012 0.06999 0.12939 0.44485 0.44263 0.51694 0.51561 1
0.45956 0.41004 0.38827 0.00019 0.00028 0.00019 0.00009 0.00028 0.00009 0.00011 0.03552 0.15555 0.45956 0.45284 0.51790 0.52118 1
0.46120 0.39527 0.36128 0.00026 0.00039 0.00026 0.00013 0.00039 0.00013 0.00013 0.04088 0.21816 0.46120 0.44077 0.52224 0.53069 1
0.46951 0.40430 0.38070 0.00026 0.00035 0.00026 0.00009 0.00035 0.00009 0.00016 0.03147 0.18975 0.46951 0.45058 0.52364 0.52481 1
0.46903 0.40210 0.37364 0.00026 0.00037 0.00026 0.00011 0.00037 0.00011 0.00015 0.03516 0.20435 0.46903 0.44836 0.52333 0.52770 1
0.45508 0.39891 0.38050 0.00022 0.00029 0.00022 0.00007 0.00029 0.00007 0.00015 0.06924 0.16566 0.45517 0.44289 0.52119 0.52080 1
0.45981 0.40511 0.37758 0.00021 0.00032 0.00021 0.00011 0.00032 0.00011 0.00011 0.03993 0.17990 0.45981 0.44835 0.51899 0.52495 1
0.46114 0.41184 0.38987 0.00019 0.00028 0.00019 0.00009 0.00028 0.00009 0.00011 0.03554 0.15504 0.46114 0.45443 0.51785 0.52129 1
0.48221 0.40863 0.37080 0.00029 0.00044 0.00029 0.00015 0.00044 0.00015 0.00014 0.04035 0.23236 0.48221 0.45596 0.52413 0.53364 1
0.47118 0.39941 0.36990 0.00028 0.00040 0.00028 0.00012 0.00040 0.00012 0.00017 0.03463 0.21605 0.47118 0.44672 0.52510 0.52953 1
0.47965 0.41041 0.37560 0.00027 0.00041 0.00027 0.00014 0.00041 0.00014 0.00014 0.03988 0.21740 0.47965 0.45748 0.52273 0.53149 1
0.46092 0.41062 0.38580 0.00020 0.00029 0.00020 0.00010 0.00029 0.00010 0.00010 0.03848 0.16336 0.46092 0.45326 0.51755 0.52275 1
0.47497 0.40379 0.37917 0.00028 0.00038 0.00028 0.00010 0.00038 0.00010 0.00018 0.03262 0.20306 0.47497 0.45162 0.52615 0.52656 1
0.47008 0.40747 0.37912 0.00025 0.00036 0.00025 0.00011 0.00036 0.00011 0.00013 0.03775 0.19423 0.47008 0.45292 0.52173 0.52685 1
0.47094 0.40019 0.37443 0.00028 0.00038 0.00028 0.00010 0.00038 0.00010 0.00018 0.03069 0.20567 0.47094 0.44744 0.52578 0.52715 1
0.44830 0.40061 0.37404 0.00019 0.00029 0.00019 0.00010 0.00029 0.00010 0.00008 0.04114 0.16693 0.44830 0.44169 0.51639 0.52368 1
0.46119 0.40912 0.38399 0.00020 0.00030 0.00020 0.00010 0.00030 0.00010 0.00011 0.03709 0.16879 0.46119 0.45191 0.51820 0.52348 1
0.45115 0.40604 0.39478 0.00018 0.00022 0.00018 0.00004 0.00022 0.00004 0.00013 0.03213 0.12649 0.45115 0.44791 0.51793 0.51501 1
0.47872 0.40705 0.37946 0.00028 0.00039 0.00028 0.00011 0.00039 0.00011 0.00017 0.03294 0.20763 0.47872 0.45467 0.52517 0.52838 1
0.45963 0.40752 0.37229 0.00020 0.00034 0.00020 0.00014 0.00034 0.00014 0.00007 0.04692 0.19031 0.45963 0.45022 0.51634 0.52889 1
0.47551 0.39713 0.37951 0.00031 0.00038 0.00031 0.00007 0.00038 0.00007 0.00024 0.02231 0.20248 0.47551 0.44702 0.53017 0.52403 1
0.47378 0.39945 0.37049 0.00029 0.00041 0.00029 0.00011 0.00041 0.00011 0.00018 0.03332 0.21870 0.47378 0.44741 0.52669 0.52925 1
0.48591 0.40683 0.37200 0.00031 0.00045 0.00031 0.00014 0.00045 0.00014 0.00017 0.03563 0.23460 0.48591 0.45600 0.52745 0.53347 1
0.46795 0.41426 0.38387 0.00021 0.00033 0.00021 0.00012 0.00033 0.00012 0.00009 0.04271 0.18057 0.46795 0.45741 0.51796 0.52637 1
0.46481 0.40632 0.37523 0.00023 0.00035 0.00023 0.00012 0.00035 0.00012 0.00011 0.04210 0.19324 0.46481 0.45043 0.51969 0.52752 1
0.46739 0.39599 0.36144 0.00028 0.00042 0.00028 0.00014 0.00042 0.00014 0.00014 0.03879 0.22820 0.46739 0.44263 0.52425 0.53194 1
0.47236 0.38890 0.35521 0.00033 0.00046 0.00033 0.00013 0.00046 0.00013 0.00020 0.03356 0.24932 0.47236 0.43858 0.52997 0.53366 1
0.47308 0.39925 0.37049 0.00029 0.00040 0.00029 0.00011 0.00040 0.00011 0.00018 0.03258 0.21759 0.47308 0.44692 0.52645 0.52919 1
0.46100 0.39300 0.36392 0.00027 0.00038 0.00027 0.00011 0.00038 0.00011 0.00015 0.03550 0.21155 0.46100 0.43914 0.52379 0.52828 1
0.46888 0.40356 0.36476 0.00026 0.00041 0.00026 0.00015 0.00041 0.00015 0.00010 0.04359 0.22301 0.46888 0.44888 0.52112 0.53308 1
0.46875 0.40212 0.37030 0.00026 0.00039 0.00026 0.00012 0.00039 0.00012 0.00014 0.03906 0.21058 0.46875 0.44830 0.52257 0.52962 1
0.47045 0.40486 0.38101 0.00026 0.00035 0.00026 0.00009 0.00035 0.00009 0.00016 0.03117 0.19116 0.47045 0.45105 0.52387 0.52515 1
0.47371 0.40419 0.38366 0.00027 0.00035 0.00027 0.00008 0.00035 0.00008 0.00019 0.02603 0.19105 0.47371 0.45166 0.52614 0.52399 1
0.47108 0.40215 0.37361 0.00027 0.00038 0.00027 0.00011 0.00038 0.00011 0.00016 0.03495 0.20767 0.47108 0.44899 0.52418 0.52829 1
0.45940 0.40579 0.38669 0.00021 0.00029 0.00021 0.00007 0.00029 0.00007 0.00014 0.04364 0.15948 0.45940 0.44928 0.52001 0.52049 1
0.48606 0.39354 0.36262 0.00036 0.00048 0.00036 0.00012 0.00048 0.00012 0.00024 0.05328 0.25445 0.48606 0.44621 0.53432 0.53369 1
0.47122 0.40729 0.37646 0.00025 0.00037 0.00025 0.00012 0.00037 0.00012 0.00013 0.03976 0.20151 0.47122 0.45301 0.52174 0.52847 1
0.46759 0.40149 0.36756 0.00026 0.00039 0.00026 0.00013 0.00039 0.00013 0.00013 0.04085 0.21456 0.46759 0.44734 0.52196 0.53051 1
0.47889 0.40777 0.37013 0.00028 0.00043 0.00028 0.00015 0.00043 0.00015 0.00013 0.04155 0.22807 0.47889 0.45489 0.52274 0.53299 1
0.47503 0.39776 0.35806 0.00030 0.00046 0.00030 0.00016 0.00046 0.00016 0.00015 0.04024 0.24750 0.47503 0.44559 0.52581 0.53566 1
0.46624 0.40683 0.38659 0.00023 0.00031 0.00023 0.00008 0.00031 0.00008 0.00015 0.05052 0.17295 0.46624 0.45188 0.52224 0.52217 1
0.45655 0.39181 0.36798 0.00025 0.00035 0.00025 0.00009 0.00035 0.00009 0.00016 0.06009 0.19678 0.45677 0.43731 0.52348 0.52523 1
0.47300 0.40616 0.37135 0.00026 0.00040 0.00026 0.00014 0.00040 0.00014 0.00013 0.04083 0.21547 0.47300 0.45249 0.52209 0.53111 1
0.46513 0.39333 0.37393 0.00028 0.00036 0.00028 0.00008 0.00036 0.00008 0.00021 0.04074 0.19941 0.46513 0.44119 0.52776 0.52404 1
0.46852 0.40541 0.36497 0.00025 0.00041 0.00025 0.00016 0.00041 0.00016 0.00009 0.04572 0.22174 0.46852 0.45026 0.52001 0.53334 1
0.47614 0.41061 0.38801 0.00026 0.00035 0.00026 0.00009 0.00035 0.00009 0.00017 0.02994 0.18533 0.47614 0.45728 0.52382 0.52395 1
0.48056 0.41392 0.39973 0.00026 0.00032 0.00026 0.00006 0.00032 0.00006 0.00021 0.10939 0.17228 0.48061 0.46132 0.52598 0.51977 1
0.46599 0.39951 0.38577 0.00026 0.00031 0.00026 0.00005 0.00031 0.00005 0.00021 0.10567 0.17611 0.46630 0.44661 0.52625 0.51985 1
0.47414 0.40089 0.36956 0.00029 0.00041 0.00029 0.00012 0.00041 0.00012 0.00016 0.03472 0.22113 0.47414 0.44822 0.52574 0.53056 1
0.46448 0.40806 0.38517 0.00022 0.00031 0.00022 0.00009 0.00031 0.00009 0.00013 0.03610 0.17161 0.46448 0.45212 0.52040 0.52273 1
0.47361 0.39822 0.35760 0.00030 0.00045 0.00030 0.00016 0.00045 0.00016 0.00014 0.04205 0.24664 0.47361 0.44567 0.52450 0.53540 1
0.47993 0.40859 0.36800 0.00028 0.00044 0.00028 0.00016 0.00044 0.00016 0.00012 0.04354 0.23435 0.47993 0.45558 0.52256 0.53462 1
0.49278 0.49512 0.55828 0.00001 0.00026 0.00001 0.00025 0.00026 0.00025 0.00024 0.45744 0.12606 0.55861 0.53252 0.51469 0.46733 1
0.49895 0.50711 0.53848 0.00003 0.00016 0.00003 0.00012 0.00016 0.00012 0.00009 0.43618 0.07866 0.53941 0.54080 0.50571 0.48433 1
0.49546 0.51108 0.53448 0.00006 0.00015 0.00006 0.00009 0.00015 0.00009 0.00003 0.40406 0.08139 0.53667 0.54238 0.50131 0.48730 1
0.14868 0.22180 0.49533 0.00029 0.00136 0.00029 0.00107 0.00136 0.00107 0.00079 0.44513 0.71972 0.49533 0.26165 0.57467 0.33834 1
0.14957 0.24046 0.49112 0.00036 0.00134 0.00036 0.00098 0.00134 0.00098 0.00063 0.43878 0.70103 0.49112 0.27699 0.56192 0.35053 1
0.25784 0.23694 0.18560 0.00008 0.00028 0.00008 0.00020 0.00028 0.00020 0.00012 0.10350 0.32224 0.25954 0.25436 0.50193 0.53666 1
0.31064 0.28765 0.22621 0.00009 0.00033 0.00009 0.00024 0.00033 0.00024 0.00015 0.10877 0.30162 0.31417 0.31080 0.50114 0.54228 1
0.32672 0.34889 0.53100 0.00009 0.00080 0.00009 0.00071 0.00080 0.00071 0.00063 0.45707 0.43006 0.53100 0.38678 0.54633 0.39570 1
0.32704 0.34509 0.54003 0.00007 0.00084 0.00007 0.00076 0.00084 0.00076 0.00069 0.45899 0.44759 0.54003 0.38490 0.55334 0.38906 1
0.19697 0.21062 0.38747 0.00005 0.00075 0.00005 0.00069 0.00075 0.00069 0.00064 0.46231 0.55424 0.38747 0.23847 0.55336 0.39415 1
0.26211 0.28508 0.35392 0.00009 0.00036 0.00009 0.00027 0.00036 0.00027 0.00018 0.44321 0.46551 0.35392 0.30032 0.50914 0.46176 0
0.30105 0.32512 0.38951 0.00009 0.00035 0.00009 0.00025 0.00035 0.00025 0.00016 0.44024 0.40881 0.38951 0.34257 0.50733 0.46402 0
0.26236 0.26348 0.37071 0.00000 0.00042 0.00000 0.00042 0.00042 0.00042 0.00042 0.47003 0.30047 0.37071 0.29404 0.52943 0.43863 0
0.39172 0.39025 0.40103 0.00001 0.00004 0.00001 0.00004 0.00004 0.00004 0.00005 0.28929 0.03874 0.40130 0.41377 0.50518 0.49586 0
0.39967 0.39724 0.40464 0.00001 0.00002 0.00001 0.00003 0.00002 0.00003 0.00004 0.33249 0.02916 0.40544 0.42179 0.50475 0.49801 0
0.27924 0.27663 0.34828 0.00001 0.00027 0.00001 0.00028 0.00027 0.00028 0.00029 0.47385 0.21450 0.34831 0.30351 0.52114 0.45988 0
0.40269 0.40195 0.40686 0.00000 0.00002 0.00000 0.00002 0.00002 0.00002 0.00002 0.26419 0.02003 0.40724 0.42543 0.50340 0.49938 0
0.40854 0.40632 0.42189 0.00001 0.00005 0.00001 0.00006 0.00005 0.00006 0.00007 0.37040 0.05187 0.42189 0.43017 0.50623 0.49328 0
0.40320 0.40094 0.40572 0.00001 0.00001 0.00001 0.00002 0.00001 0.00002 0.00003 0.31875 0.03086 0.40877 0.42527 0.50403 0.49949 0
0.25533 0.25029 0.36077 0.00002 0.00041 0.00002 0.00043 0.00041 0.00043 0.00045 0.47591 0.30824 0.36077 0.28123 0.53275 0.43761 0
0.38551 0.38316 0.39850 0.00001 0.00005 0.00001 0.00006 0.00005 0.00006 0.00007 0.36587 0.05196 0.39867 0.40941 0.50622 0.49321 0
0.29439 0.29062 0.34917 0.00001 0.00021 0.00001 0.00023 0.00021 0.00023 0.00024 0.47438 0.17288 0.34917 0.31905 0.51759 0.46806 0
0.35539 0.35011 0.35761 0.00002 0.00001 0.00002 0.00003 0.00001 0.00003 0.00005 0.38904 0.04014 0.36123 0.37470 0.50579 0.49810 0
0.24251 0.24223 0.36159 0.00000 0.00047 0.00000 0.00047 0.00047 0.00047 0.00047 0.47195 0.33567 0.36159 0.27317 0.53417 0.43122 0
0.32261 0.31885 0.33244 0.00001 0.00004 0.00001 0.00005 0.00004 0.00005 0.00007 0.43780 0.05608 0.33347 0.34266 0.50670 0.49422 0
0.39592 0.39502 0.40251 0.00000 0.00003 0.00000 0.00003 0.00003 0.00003 0.00003 0.23735 0.02617 0.40258 0.41959 0.50392 0.49780 0
0.30418 0.29942 0.30533 0.00002 0.00000 0.00002 0.00002 0.00000 0.00002 0.00004 0.39856 0.03616 0.30870 0.32354 0.50502 0.49937 0
0.41226 0.40663 0.40968 0.00002 0.00001 0.00002 0.00001 0.00001 0.00001 0.00003 0.40189 0.02550 0.41414 0.43195 0.50493 0.50119 0
0.37315 0.36757 0.37224 0.00002 0.00000 0.00002 0.00002 0.00000 0.00002 0.00004 0.42806 0.02610 0.37523 0.39485 0.50537 0.50012 0
0.37786 0.37387 0.37570 0.00002 0.00001 0.00002 0.00001 0.00001 0.00001 0.00002 0.28970 0.02284 0.37897 0.39779 0.50412 0.50153 0
0.33321 0.33193 0.34000 0.00000 0.00003 0.00000 0.00003 0.00003 0.00003 0.00004 0.36186 0.03614 0.34046 0.35276 0.50470 0.49742 0
0.35433 0.35082 0.35977 0.00001 0.00002 0.00001 0.00004 0.00002 0.00004 0.00005 0.36756 0.05028 0.36282 0.37146 0.50574 0.49685 0
0.30779 0.30512 0.31354 0.00001 0.00002 0.00001 0.00003 0.00002 0.00003 0.00004 0.40060 0.05317 0.31756 0.32777 0.50512 0.49696 0
0.37067 0.36732 0.37656 0.00001 0.00002 0.00001 0.00004 0.00002 0.00004 0.00005 0.37307 0.03885 0.37789 0.38985 0.50557 0.49710 0
0.34144 0.33220 0.33853 0.00004 0.00001 0.00004 0.00002 0.00001 0.00002 0.00006 0.45285 0.05195 0.34551 0.35697 0.50724 0.49927 0
0.36578 0.35366 0.35610 0.00005 0.00004 0.00005 0.00001 0.00004 0.00001 0.00006 0.44614 0.04820 0.36591 0.37635 0.50770 0.50232 0
0.40277 0.38707 0.38979 0.00006 0.00005 0.00006 0.00001 0.00005 0.00001 0.00007 0.46837 0.05554 0.40277 0.41065 0.50881 0.50285 0
0.29964 0.28918 0.32904 0.00004 0.00012 0.00004 0.00016 0.00012 0.00016 0.00020 0.45127 0.15920 0.33592 0.31160 0.51649 0.47965 0
