0.04072 0.01908 0
0.04351 0.02622 0
0.04332 0.02166 0
0.04341 0.02293 0
0.09403 0.00402 1
0.03708 0.02051 0
0.03598 0.02698 1
0.03425 0.01422 1
0.04710 0.02041 0
0.04394 0.02060 0
0.03102 0.00959 1
0.04758 0.02201 0
0.04458 0.01682 0
0.04304 0.01435 0
0.04473 0.01604 0
0.04594 0.01714 0
0.03059 0.02447 1
0.03340 0.02736 1
0.03722 0.02857 1
0.10046 0.00397 1
0.09689 0.00397 1
0.06841 0.00198 1
0.04171 0.02137 0
0.04716 0.01636 0
0.06850 0.00397 1
0.04682 0.01984 0
0.08342 0.00444 1
0.07499 0.00813 1
0.03834 0.02500 0
0.03806 0.01356 0
0.03397 0.01819 0
0.03899 0.01950 0
0.08292 0.00270 1
0.07642 0.00270 1
0.06159 0.00270 1
0.08637 0.00382 1
0.05138 0.01610 0
0.04436 0.01674 0
0.06401 0.00529 1
0.03817 0.02646 0
0.07267 0.00794 1
0.04305 0.01614 0
0.04438 0.01702 0
0.04582 0.01676 0
0.03119 0.02495 1
0.03405 0.02790 1
0.03794 0.02913 1
0.04042 0.01880 0
0.03759 0.02819 0
0.04255 0.02740 0
0.03875 0.01486 0
0.03965 0.02451 0
0.04044 0.01953 0
0.09241 0.00393 1
0.03255 0.02198 0
0.04330 0.02518 0
0.05024 0.00440 1
0.04244 0.01621 0
0.04148 0.01180 0
0.04010 0.02005 0
0.04561 0.01780 0
0.05235 0.01855 0
0.07472 0.00393 1
0.06688 0.00393 1
0.03952 0.02500 0
0.03676 0.01838 0
0.03594 0.02396 0
0.04595 0.01838 0
0.04047 0.02483 0
0.04595 0.03034 0
0.03778 0.02213 0
0.04595 0.01838 0
0.04511 0.02679 0
0.03952 0.02396 0
0.04231 0.02963 0
0.04793 0.02396 0
0.04686 0.02343 0
0.03401 0.03130 1
0.04231 0.02396 0
0.04320 0.02396 0
0.04436 0.02095 0
0.04231 0.02116 0
0.03401 0.02483 0
0.04231 0.03034 0
0.04810 0.03130 0
0.04436 0.02095 0
0.04793 0.02396 0
0.04161 0.02396 0
0.04436 0.02599 0
0.03641 0.02343 0
0.04695 0.02483 0
0.04047 0.02483 0
0.04231 0.02757 0
0.04548 0.02599 0
0.03899 0.02599 0
0.04191 0.02095 0
0.04231 0.01838 0
0.04320 0.01838 0
0.04686 0.02095 0
0.04231 0.01838 0
0.04231 0.02116 0
0.05149 0.02757 0
0.04161 0.02396 0
0.04359 0.02500 0
0.05174 0.02906 0
0.05642 0.02343 0
0.06273 0.00581 1
0.05149 0.02116 0
0.03789 0.02615 0
0.03778 0.01300 0
0.04426 0.01949 0
0.03143 0.02500 1
0.03313 0.02757 1
0.07886 0.00384 1
0.04746 0.02241 0
0.09701 0.00384 1
0.04523 0.01960 0
0.04628 0.02506 0
0.04424 0.02506 0
0.04040 0.02241 0
0.04140 0.02070 0
0.04523 0.02564 0
0.04219 0.02506 0
0.08786 0.00549 1
0.04863 0.02530 0
0.08238 0.00549 1
0.03068 0.02799 1
0.05038 0.02455 0
0.03316 0.02455 1
0.03068 0.02455 1
0.09027 0.00437 1
0.07823 0.00391 1
0.04829 0.02106 0
0.07908 0.00276 1
0.06455 0.00391 1
0.04793 0.00437 1
0.09402 0.00391 1
0.04143 0.02041 0
0.03910 0.01955 0
0.04809 0.01925 0
0.04501 0.01955 0
0.05688 0.00390 1
0.04212 0.01990 0
0.03368 0.02374 0
0.08151 0.00542 1
0.04664 0.02711 0
0.03429 0.02572 1
0.04428 0.02285 0
0.03638 0.02301 0
0.07711 0.00389 1
0.06611 0.00550 1
0.04064 0.02462 0
0.04438 0.02462 0
0.04352 0.01741 0
0.03326 0.01846 0
0.03892 0.02219 0
0.06903 0.00550 1
0.04012 0.02625 0
0.05115 0.02639 0
0.04977 0.02864 0
0.04953 0.02782 0
0.05015 0.02393 0
0.04867 0.02006 0
0.03396 0.02393 1
0.03627 0.03009 0
0.03519 0.00622 0
0.03436 0.01921 0
0.03294 0.01318 0
0.03467 0.01502 0
0.03187 0.01267 0
0.03294 0.01792 0
0.03467 0.01965 0
0.03448 0.01397 0
0.03366 0.01318 0
0.03359 0.02124 0
0.03359 0.02124 0
0.04453 0.02124 0
0.03359 0.01886 0
0.03436 0.01718 0
0.03566 0.01886 0
0.03359 0.01473 0
0.03391 0.01921 0
0.04380 0.02329 0
0.02902 0.01780 0
0.03187 0.01921 0
0.05803 0.00859 1
0.02833 0.01976 0
0.03187 0.02124 0
0.03830 0.02052 0
0.03756 0.01976 0
0.03638 0.02244 0
0.05107 0.00859 1
0.03294 0.01976 0
0.03132 0.00833 1
0.03366 0.01780 0
0.03033 0.01718 0
0.04335 0.02253 0
0.04290 0.02329 0
0.04969 0.01965 0
0.05208 0.02175 0
0.02902 0.02244 1
0.04187 0.02094 0
0.05086 0.02083 0
0.03802 0.01921 0
0.03033 0.02635 1
0.03596 0.02534 0
0.04626 0.01062 0
0.03436 0.01718 0
0.03824 0.01680 0
0.03132 0.01042 0
0.03802 0.01680 0
0.03004 0.02253 1
0.03830 0.03366 1
0.03727 0.02052 0
0.03294 0.02244 0
0.03125 0.02083 0
0.04700 0.01921 0
0.04045 0.02329 0
0.02795 0.01863 0
0.03180 0.01965 0
0.03234 0.01718 0
0.02961 0.02668 1
0.03152 0.01680 0
0.03830 0.02244 0
0.04598 0.02673 0
0.05411 0.02535 0
0.04840 0.01890 0
0.04818 0.03047 0
0.04448 0.02521 0
0.03306 0.02725 1
0.02988 0.02464 1
0.05411 0.01195 0
0.03218 0.01604 0
0.03381 0.01690 0
0.04928 0.01102 0
0.04332 0.02926 0
0.03811 0.02984 1
0.03184 0.02669 1
0.04220 0.02695 0
0.04917 0.02341 0
0.03492 0.02158 0
0.03747 0.02341 0
0.03310 0.02483 1
0.08735 0.00523 1
0.03747 0.02341 0
0.04004 0.01079 0
0.03492 0.02413 0
0.04571 0.02413 0
0.03184 0.01592 0
0.03811 0.02158 0
0.05338 0.00828 1
0.03926 0.02617 0
0.02785 0.01044 0
0.04096 0.02048 0
0.03418 0.01255 0
0.06181 0.00220 1
0.03299 0.01284 0
0.03447 0.01477 0
0.03584 0.00220 1
0.03210 0.01926 0
0.03598 0.02487 0
0.04187 0.02816 0
0.04349 0.02751 0
0.04640 0.03075 0
0.04585 0.02412 0
0.04640 0.02320 0
0.04391 0.02487 0
0.04710 0.02054 0
0.03412 0.02559 1
0.03927 0.01706 0
0.05374 0.02559 0
0.03862 0.02304 0
0.03862 0.02412 0
0.04448 0.02224 0
0.04265 0.02559 0
0.04126 0.02487 0
0.03757 0.02304 0
0.04357 0.01706 0
0.04710 0.02905 0
0.04609 0.01706 0
0.04357 0.02054 0
0.05554 0.00603 1
0.04126 0.03016 0
0.04222 0.02656 0
0.04718 0.02777 0
0.04465 0.03259 0
0.03292 0.02697 1
0.03786 0.00539 1
0.06743 0.01112 0
0.03454 0.02697 1
0.03757 0.02304 0
0.04424 0.03075 0
0.03982 0.02777 0
0.03669 0.02559 0
0.04222 0.03016 0
0.05211 0.02606 0
0.04469 0.02415 0
0.04936 0.02152 0
0.03844 0.03450 1
0.03438 0.02882 1
0.03296 0.02910 1
0.03685 0.03057 1
0.03870 0.01665 0
0.04587 0.02596 0
0.04412 0.02478 0
0.02947 0.01224 0
0.04933 0.01642 0
0.03385 0.02791 1
0.03599 0.02791 1
0.04676 0.00612 1
0.03918 0.02448 0
0.03811 0.02448 0
0.03568 0.02354 0
0.03568 0.02582 0
0.03203 0.02596 1
0.04554 0.02582 0
0.02947 0.02084 1
0.03023 0.02750 1
0.03340 0.02354 0
0.04787 0.02582 0
0.03918 0.02695 0
0.03841 0.02736 0
0.04040 0.02448 0
0.03947 0.02354 0
0.05480 0.00547 1
0.02960 0.02354 1
0.03306 0.02448 1
0.04412 0.00547 1
0.03120 0.02523 1
0.03651 0.02523 0
0.04175 0.01789 0
0.04727 0.01942 0
0.04450 0.00262 1
0.04827 0.01656 0
0.03935 0.01832 0
0.04139 0.01656 0
0.04004 0.01592 0
0.05143 0.01656 0
0.03961 0.01571 0
0.04004 0.01335 0
0.03891 0.01656 0
0.03748 0.01656 0
0.04357 0.01526 0
0.04939 0.01171 0
0.03811 0.01410 0
0.04741 0.00785 0
0.04939 0.01888 0
0.04777 0.01079 0
0.05300 0.01171 0
0.03492 0.01335 0
0.04661 0.01111 0
0.04741 0.00785 0
0.04869 0.00740 0
0.05035 0.01171 0
0.05001 0.01309 0
0.03403 0.00828 1
0.04777 0.00785 0
0.04812 0.00585 0
0.05082 0.01079 0
0.05765 0.00524 1
0.04579 0.01526 0
0.02927 0.00828 1
0.04741 0.00785 0
0.04741 0.01309 0
0.04638 0.01410 0
0.04890 0.01410 0
0.04388 0.01410 0
0.04519 0.01047 0
0.04869 0.00740 0
0.04967 0.01410 0
0.04638 0.01335 0
0.04683 0.01171 0
0.04458 0.00785 0
0.04638 0.01410 0
0.04261 0.01079 0
0.04357 0.01171 0
0.04504 0.01111 0
0.04458 0.00785 0
0.03646 0.02236 1
0.04719 0.01410 0
0.04519 0.01079 0
0.04333 0.01410 0
0.04519 0.01047 0
0.04450 0.01171 0
0.04388 0.01079 0
0.04317 0.00524 0
0.03492 0.01335 1
0.04221 0.00524 0
0.05570 0.00358 1
0.04300 0.01131 0
0.03999 0.01362 0
0.03827 0.01265 0
0.04078 0.01131 0
0.03951 0.00715 0
0.04322 0.00800 0
0.03514 0.00912 0
0.03999 0.00715 0
0.03393 0.00912 0
0.03648 0.00715 0
0.04078 0.01012 0
0.03298 0.00759 0
0.03959 0.00912 0
0.02813 0.00648 0
0.03215 0.01296 0
0.03613 0.00899 0
0.03300 0.01048 0
0.03458 0.01271 0
0.03410 0.01309 0
0.03255 0.01258 0
0.03314 0.01482 0
0.03377 0.01206 0
0.02542 0.00539 0
0.01770 0.00968 0
0.02898 0.01206 0
0.02753 0.00417 1
0.02771 0.00590 0
0.01901 0.00769 1
0.03361 0.00746 0
0.04352 0.00559 0
0.05168 0.00356 1
0.03493 0.01466 0
0.03626 0.01294 0
0.03105 0.00957 0
0.03452 0.01639 0
0.03278 0.01294 0
0.03596 0.01257 0
0.03805 0.01138 0
0.03543 0.01125 0
0.03374 0.00957 0
0.03415 0.00503 0
0.03434 0.01125 0
0.03420 0.01466 0
0.03434 0.00733 0
0.03713 0.01125 0
0.03452 0.01125 0
0.03556 0.00356 0
0.03043 0.01422 0
0.03556 0.00533 0
0.04105 0.00356 1
0.04814 0.00356 1
0.04623 0.00711 1
0.08358 0.00356 1
0.05159 0.00251 1
0.08181 0.00356 1
0.08179 0.00533 1
0.05690 0.00356 1
0.03734 0.00356 1
0.03383 0.00356 1
0.04449 0.00398 1
0.06286 0.00251 1
0.06756 0.00356 1
0.02760 0.00836 1
0.02696 0.00793 1
0.04521 0.00418 1
0.03183 0.00374 1
0.03492 0.00771 0
0.04150 0.00591 1
0.04431 0.00264 1
0.04138 0.01361 0
0.03264 0.00836 0
0.04099 0.00836 0
0.04364 0.01361 0
0.03849 0.00836 0
0.03974 0.01322 0
0.03996 0.01723 0
0.03312 0.00418 1
0.03178 0.01254 0
0.04180 0.00374 1
0.03785 0.01348 0
0.02643 0.00374 1
0.03370 0.01197 0
0.03595 0.01348 0
0.03785 0.00374 1
0.04044 0.00793 0
0.03965 0.01322 0
0.03785 0.00529 0
0.03682 0.00374 1
0.04443 0.00418 1
0.06984 0.00771 1
0.02696 0.00935 1
0.02722 0.00264 1
0.04949 0.00748 1
0.03447 0.00561 0
0.04150 0.00561 0
0.02847 0.00836 1
0.05133 0.00418 1
0.02251 0.00748 1
0.03111 0.01763 0
0.03336 0.00834 0
0.03257 0.01004 0
0.03176 0.01306 0
0.03007 0.00834 0
0.03076 0.01180 0
0.03257 0.01358 0
0.02949 0.01194 0
0.02690 0.00672 0
0.03192 0.01119 0
0.03305 0.01180 0
0.03305 0.00590 0
0.03469 0.00264 1
0.03439 0.01004 0
0.02895 0.01004 0
0.02990 0.00373 0
0.02949 0.01759 0
0.03187 0.01004 0
0.02804 0.00746 0
0.03171 0.01087 0
0.02690 0.00672 0
0.04906 0.00264 1
0.03735 0.01306 0
0.03587 0.00373 1
0.04722 0.00417 1
0.03921 0.00417 1
0.03007 0.00560 0
0.05830 0.00264 1
0.04026 0.00417 1
0.04170 0.00417 1
0.03664 0.00373 1
0.04674 0.00417 1
0.03209 0.00264 1
0.03378 0.00264 1
0.03840 0.00417 1
0.07242 0.00590 1
0.02804 0.00373 1
0.03362 0.01180 0
0.03036 0.00590 1
0.03161 0.00849 0
0.03741 0.01274 0
0.03548 0.01201 0
0.03798 0.01216 0
0.04178 0.00760 0
0.04268 0.01023 0
0.04384 0.01201 0
0.03465 0.00570 0
0.03317 0.00380 1
0.03068 0.00380 1
0.03583 0.01107 0
0.03491 0.01274 0
0.03502 0.01383 0
0.03532 0.00425 1
0.04217 0.00269 1
0.03424 0.01383 0
0.04330 0.00537 0
0.02719 0.00601 0
0.03062 0.01107 0
0.03952 0.00537 0
0.04204 0.01383 0
0.03317 0.01566 0
0.03769 0.00537 0
0.03952 0.01483 0
0.04108 0.00269 1
0.03228 0.00190 1
0.03965 0.01201 0
0.03653 0.01155 0
0.06881 0.00425 1
0.02295 0.00849 1
0.05537 0.00380 1
0.04284 0.00269 1
0.03798 0.00269 1
0.04284 0.00380 1
0.04148 0.00425 1
0.03628 0.00269 1
0.02402 0.01201 1
